(0, 559542564800125, 0, 0)
(1, 0, 0)
(0,559542564800923, 1, 0)
(1, 1, 1)
(0,559542564800922, 1, 0)
(1, 2, 0)
(0,559552564800175, 1, 0)
(1, 3, 1)
(0,559552564800052, 1, 0)
(1, 4, 0)
(0,559552564800732, 1, 0)
(1, 5, 1)
(0,559552564800733, 1, 0)
(1, 6, 0)
(0,559562564800752, 1, 0)
(1, 7, 3)
(0,559562564801071, 1, 0)
(1, 8, 0)
(0,559562564800771, 1, 0)
(1, 9, 3)
(0,559562564800834, 1, 0)
(1, 10, 0)
(0,559562564800828, 1, 0)
(1, 11, 1)
(0,559562564800202, 1, 0)
(1, 12, 0)
(0,559562564800194, 1, 45)
(1, 13, 1)
(0,559562564801444, 2, -45)
(1, 14, 2)
(0,559562564801442, 1, 90)
(1, 15, 2)
(0,559562564801032, 1, 0)
(1, 16, 0)
(0,559562564700438, 0, -90)